183.00 200.00 929.00 894.00 885.00 907.00 922.00 
194.00 200.00 929.00 894.00 887.00 909.00 922.00 
190.00 200.00 929.00 894.00 887.00 909.00 922.00 
183.00 200.00 928.00 894.00 886.00 909.00 920.00 
178.00 200.00 928.00 893.00 885.00 908.00 921.00 
122.00 200.00 928.00 886.00 877.00 903.00 921.00 
57.00 0.00 926.00 867.00 860.00 886.00 919.00 
54.00 0.00 924.00 857.00 849.00 879.00 918.00 
55.00 0.00 924.00 861.00 853.00 883.00 919.00 
106.00 0.00 928.00 883.00 875.00 901.00 920.00 
235.00 200.00 929.00 900.00 891.00 914.00 922.00 
296.00 200.00 930.00 910.00 901.00 920.00 924.00 
323.00 200.00 933.00 913.00 902.00 924.00 924.00 
328.00 200.00 931.00 916.00 904.00 923.00 923.00 
317.00 200.00 934.00 913.00 904.00 922.00 922.00 
304.00 200.00 931.00 911.00 903.00 921.00 923.00 
256.00 200.00 929.00 904.00 895.00 915.00 922.00 
143.00 200.00 928.00 888.00 879.00 903.00 921.00 
65.00 0.00 927.00 877.00 868.00 893.00 920.00 
67.00 0.00 929.00 879.00 868.00 893.00 920.00 
181.00 200.00 930.00 893.00 885.00 908.00 922.00 
303.00 200.00 931.00 910.00 900.00 920.00 924.00 
310.00 200.00 930.00 913.00 903.00 921.00 922.00 
309.00 200.00 931.00 911.00 902.00 922.00 922.00 
311.00 200.00 930.00 912.00 902.00 920.00 923.00 
315.00 200.00 932.00 912.00 903.00 921.00 924.00 
314.00 200.00 932.00 913.00 901.00 921.00 923.00 
311.00 200.00 932.00 913.00 902.00 921.00 922.00 
311.00 200.00 932.00 914.00 901.00 921.00 923.00 
313.00 200.00 932.00 913.00 903.00 920.00 923.00 
311.00 200.00 934.00 913.00 901.00 922.00 924.00 
323.00 200.00 933.00 914.00 905.00 924.00 925.00 