Record 12: 411.00 200.00 939.00 925.00 912.00 926.00 919.00 
Record 13: 410.00 200.00 937.00 925.00 912.00 927.00 921.00 
Record 14: 403.00 200.00 939.00 923.00 910.00 924.00 919.00 
Record 15: 394.00 200.00 938.00 922.00 910.00 922.00 919.00 
Record 16: 380.00 200.00 938.00 920.00 906.00 920.00 917.00 
Record 17: 355.00 200.00 935.00 917.00 902.00 912.00 916.00 
Record 18: 328.00 200.00 934.00 912.00 892.00 903.00 912.00 
Record 19: 306.00 0.00 933.00 907.00 886.00 895.00 912.00 
Record 20: 254.00 0.00 937.00 897.00 870.00 879.00 908.00 
Record 21: 187.00 0.00 933.00 885.00 856.00 862.00 906.00 
Record 22: 134.00 0.00 934.00 876.00 845.00 849.00 902.00 
Record 23: 182.00 0.00 934.00 885.00 853.00 861.00 905.00 
Record 24: 265.00 0.00 934.00 898.00 873.00 880.00 909.00 
Record 25: 303.00 0.00 937.00 906.00 886.00 893.00 911.00 
Record 26: 333.00 200.00 935.00 914.00 895.00 906.00 913.00 
Record 27: 350.00 200.00 934.00 917.00 899.00 911.00 913.00 
Record 28: 362.00 200.00 935.00 918.00 902.00 914.00 915.00 
Record 29: 372.00 200.00 936.00 921.00 904.00 916.00 918.00 
Record 30: 355.00 200.00 936.00 917.00 899.00 911.00 916.00 
Record 31: 335.00 200.00 937.00 914.00 895.00 904.00 914.00 
Record 32: 320.00 200.00 935.00 911.00 893.00 900.00 911.00 
Record 33: 286.00 0.00 937.00 903.00 881.00 889.00 908.00 
Record 34: 235.00 0.00 933.00 894.00 865.00 874.00 906.00 
Record 35: 171.00 0.00 932.00 882.00 853.00 859.00 905.00 
Record 36: 141.00 0.00 933.00 879.00 845.00 850.00 902.00 
Record 37: 236.00 0.00 935.00 894.00 868.00 875.00 907.00 
Record 38: 290.00 0.00 936.00 903.00 881.00 888.00 911.00 
Record 39: 320.00 200.00 934.00 910.00 890.00 900.00 912.00 
Record 40: 334.00 200.00 935.00 914.00 895.00 906.00 913.00 
Record 41: 331.00 200.00 937.00 912.00 894.00 903.00 913.00 
Record 42: 301.00 0.00 935.00 905.00 886.00 892.00 912.00 
Record 43: 273.00 0.00 935.00 901.00 876.00 883.00 909.00 
Record 44: 263.00 0.00 934.00 900.00 873.00 880.00 909.00 
Record 45: 239.00 0.00 935.00 893.00 866.00 874.00 908.00 
Record 46: 222.00 0.00 934.00 891.00 864.00 871.00 906.00 
Record 47: 151.00 0.00 931.00 879.00 847.00 854.00 903.00 
Record 48: 115.00 0.00 932.00 875.00 842.00 847.00 902.00 
Record 49: 180.00 0.00 932.00 883.00 855.00 860.00 906.00 
Record 50: 222.00 0.00 934.00 892.00 864.00 871.00 908.00 
Record 51: 257.00 0.00 934.00 896.00 870.00 880.00 910.00 
Record 52: 291.00 0.00 934.00 903.00 883.00 889.00 910.00 
Record 53: 313.00 0.00 935.00 909.00 889.00 898.00 911.00 
Record 54: 337.00 200.00 938.00 914.00 895.00 905.00 915.00 
Record 55: 347.00 200.00 936.00 916.00 899.00 909.00 914.00 
Record 56: 359.00 200.00 936.00 918.00 901.00 912.00 917.00 
Record 57: 375.00 200.00 936.00 919.00 906.00 917.00 915.00 
Record 58: 364.00 200.00 937.00 917.00 904.00 915.00 915.00 
Record 59: 331.00 200.00 934.00 911.00 895.00 905.00 915.00 
Record 60: 282.00 0.00 936.00 901.00 880.00 885.00 910.00 
Record 61: 215.00 0.00 933.00 891.00 862.00 869.00 906.00 