235.00 0.00 932.00 901.00 888.00 905.00 920.00 
235.00 0.00 931.00 901.00 887.00 904.00 918.00 
236.00 0.00 932.00 903.00 886.00 905.00 919.00 
235.00 0.00 932.00 903.00 888.00 905.00 920.00 
235.00 0.00 930.00 903.00 886.00 907.00 918.00 
236.00 0.00 931.00 901.00 888.00 905.00 920.00 
235.00 0.00 931.00 902.00 887.00 905.00 921.00 
235.00 0.00 931.00 901.00 889.00 904.00 921.00 
236.00 0.00 932.00 903.00 888.00 904.00 919.00 
237.00 0.00 931.00 902.00 886.00 905.00 921.00 
236.00 0.00 931.00 901.00 887.00 904.00 921.00 
235.00 0.00 931.00 901.00 887.00 906.00 920.00 
222.00 0.00 931.00 898.00 884.00 903.00 920.00 
171.00 0.00 931.00 891.00 877.00 895.00 918.00 
80.00 0.00 931.00 881.00 866.00 886.00 918.00 
68.00 0.00 928.00 878.00 864.00 885.00 917.00 
152.00 0.00 930.00 891.00 879.00 897.00 919.00 
267.00 200.00 932.00 905.00 895.00 911.00 922.00 
302.00 200.00 931.00 911.00 899.00 916.00 921.00 
331.00 200.00 932.00 916.00 903.00 920.00 921.00 
302.00 200.00 931.00 912.00 897.00 917.00 922.00 
204.00 0.00 930.00 896.00 882.00 901.00 920.00 
194.00 0.00 931.00 895.00 882.00 900.00 921.00 
206.00 0.00 931.00 897.00 883.00 903.00 920.00 
237.00 0.00 932.00 900.00 887.00 901.00 920.00 
258.00 0.00 932.00 905.00 887.00 903.00 919.00 
225.00 0.00 932.00 902.00 885.00 903.00 919.00 
212.00 200.00 932.00 899.00 887.00 907.00 922.00 
222.00 200.00 931.00 899.00 891.00 910.00 923.00 
243.00 200.00 931.00 902.00 893.00 911.00 921.00 
251.00 200.00 932.00 903.00 892.00 910.00 923.00 
267.00 200.00 932.00 906.00 894.00 911.00 921.00 
244.00 200.00 930.00 905.00 890.00 907.00 920.00 
197.00 200.00 930.00 896.00 884.00 905.00 921.00 
159.00 0.00 930.00 890.00 880.00 901.00 919.00 
188.00 0.00 929.00 895.00 882.00 903.00 919.00 
143.00 0.00 930.00 891.00 875.00 897.00 922.00 
147.00 0.00 929.00 889.00 878.00 900.00 919.00 
160.00 0.00 929.00 892.00 880.00 900.00 921.00 
158.00 0.00 929.00 892.00 880.00 902.00 921.00 
160.00 0.00 930.00 892.00 880.00 900.00 922.00 
158.00 0.00 932.00 893.00 879.00 900.00 919.00 
158.00 0.00 929.00 891.00 880.00 900.00 921.00 
159.00 0.00 930.00 891.00 880.00 899.00 922.00 
160.00 0.00 931.00 891.00 880.00 902.00 920.00 
159.00 0.00 930.00 891.00 880.00 900.00 922.00 