194.00 0.00 889.00 836.00 814.00 845.00 876.00 
458.00 200.00 900.00 870.00 842.00 855.00 858.00 
505.00 200.00 899.00 883.00 865.00 880.00 837.00 
511.00 200.00 894.00 883.00 865.00 891.00 865.00 
508.00 200.00 893.00 877.00 861.00 892.00 877.00 
510.00 200.00 899.00 883.00 871.00 896.00 889.00 
514.00 200.00 902.00 886.00 869.00 895.00 887.00 
513.00 200.00 898.00 886.00 866.00 894.00 887.00 
513.00 200.00 885.00 881.00 861.00 893.00 888.00 
505.00 200.00 847.00 877.00 861.00 891.00 883.00 
447.00 200.00 839.00 855.00 851.00 887.00 883.00 
251.00 200.00 885.00 849.00 841.00 875.00 886.00 
369.00 200.00 902.00 860.00 837.00 860.00 876.00 
491.00 200.00 905.00 883.00 857.00 877.00 857.00 
495.00 200.00 907.00 883.00 857.00 875.00 856.00 
470.00 200.00 900.00 874.00 846.00 848.00 845.00 
377.00 0.00 891.00 863.00 823.00 825.00 865.00 
112.00 0.00 891.00 831.00 814.00 856.00 884.00 
369.00 200.00 848.00 838.00 842.00 882.00 886.00 
496.00 200.00 824.00 865.00 852.00 888.00 880.00 
510.00 200.00 876.00 877.00 860.00 895.00 887.00 
513.00 200.00 893.00 884.00 868.00 896.00 884.00 
512.00 200.00 903.00 889.00 873.00 897.00 887.00 
511.00 200.00 899.00 885.00 865.00 893.00 895.00 
512.00 200.00 893.00 879.00 860.00 899.00 883.00 
511.00 200.00 899.00 891.00 863.00 893.00 877.00 
510.00 200.00 911.00 883.00 864.00 891.00 863.00 
505.00 200.00 896.00 876.00 856.00 877.00 841.00 
430.00 200.00 897.00 871.00 849.00 855.00 870.00 
292.00 200.00 890.00 850.00 830.00 862.00 878.00 
402.00 200.00 892.00 865.00 847.00 876.00 876.00 
452.00 200.00 901.00 869.00 853.00 881.00 879.00 
476.00 200.00 899.00 883.00 863.00 891.00 887.00 
467.00 200.00 904.00 883.00 863.00 891.00 887.00 
449.00 200.00 905.00 877.00 858.00 890.00 885.00 
427.00 200.00 888.00 868.00 854.00 886.00 884.00 
351.00 200.00 892.00 860.00 844.00 877.00 880.00 
217.00 0.00 892.00 841.00 821.00 852.00 876.00 
255.00 200.00 893.00 848.00 827.00 855.00 877.00 
263.00 200.00 893.00 848.00 827.00 858.00 876.00 
256.00 200.00 893.00 848.00 827.00 855.00 877.00 
326.00 200.00 892.00 846.00 822.00 856.00 876.00 
160.00 200.00 1001.00 1003.00 987.00 1003.00 991.00 
70.00 0.00 994.00 866.00 842.00 886.00 924.00 
51.00 0.00 945.00 600.00 731.00 857.00 931.00 
51.00 0.00 976.00 619.00 722.00 849.00 942.00 
49.00 0.00 969.00 527.00 712.00 843.00 953.00 
51.00 0.00 965.00 445.00 735.00 849.00 959.00 
51.00 0.00 959.00 439.00 747.00 859.00 967.00 
54.00 0.00 951.00 407.00 683.00 853.00 961.00 
51.00 0.00 953.00 394.00 432.00 761.00 955.00 
51.00 0.00 904.00 270.00 284.00 726.00 943.00 
54.00 0.00 915.00 502.00 455.00 835.00 977.00 