231.00 0.00 936.00 896.00 884.00 900.00 924.00 
469.00 200.00 940.00 922.00 902.00 902.00 898.00 
507.00 200.00 943.00 932.00 918.00 928.00 885.00 
512.00 200.00 945.00 939.00 925.00 936.00 914.00 
514.00 200.00 942.00 938.00 928.00 942.00 928.00 
510.00 200.00 945.00 937.00 924.00 940.00 930.00 
514.00 200.00 939.00 937.00 927.00 940.00 930.00 
514.00 200.00 944.00 937.00 927.00 943.00 932.00 
512.00 200.00 940.00 936.00 926.00 942.00 933.00 
509.00 200.00 913.00 932.00 922.00 940.00 931.00 
477.00 200.00 882.00 916.00 915.00 935.00 931.00 
294.00 200.00 920.00 896.00 896.00 924.00 928.00 
217.00 200.00 935.00 898.00 885.00 903.00 927.00 
463.00 200.00 942.00 922.00 903.00 899.00 905.00 
508.00 200.00 943.00 931.00 918.00 924.00 884.00 
495.00 200.00 940.00 924.00 911.00 914.00 870.00 
474.00 200.00 940.00 922.00 907.00 897.00 869.00 
393.00 200.00 938.00 906.00 880.00 822.00 867.00 
114.00 0.00 937.00 876.00 817.00 803.00 913.00 
47.00 0.00 917.00 799.00 830.00 884.00 931.00 
425.00 200.00 790.00 866.00 898.00 926.00 931.00 
504.00 200.00 870.00 925.00 923.00 941.00 931.00 
511.00 200.00 934.00 934.00 924.00 940.00 932.00 
511.00 200.00 941.00 937.00 928.00 942.00 933.00 
516.00 200.00 945.00 937.00 925.00 940.00 934.00 
516.00 200.00 945.00 939.00 927.00 940.00 930.00 
514.00 200.00 942.00 934.00 926.00 940.00 928.00 
512.00 200.00 944.00 936.00 924.00 938.00 918.00 
508.00 200.00 940.00 932.00 917.00 927.00 859.00 
472.00 200.00 940.00 920.00 905.00 891.00 872.00 
218.00 0.00 936.00 885.00 860.00 868.00 913.00 
57.00 0.00 935.00 867.00 862.00 891.00 927.00 
183.00 0.00 932.00 890.00 876.00 892.00 923.00 
294.00 0.00 938.00 903.00 887.00 899.00 923.00 
400.00 200.00 944.00 925.00 910.00 924.00 925.00 
431.00 200.00 945.00 929.00 917.00 933.00 935.00 
469.00 200.00 944.00 935.00 922.00 934.00 930.00 
484.00 200.00 947.00 937.00 923.00 936.00 927.00 
476.00 200.00 949.00 937.00 923.00 939.00 931.00 
447.00 200.00 944.00 927.00 919.00 931.00 929.00 
344.00 200.00 937.00 912.00 902.00 918.00 928.00 
66.00 0.00 935.00 875.00 865.00 883.00 921.00 
71.00 0.00 939.00 881.00 868.00 884.00 924.00 
68.00 0.00 935.00 879.00 867.00 888.00 929.00 
71.00 0.00 939.00 881.00 868.00 884.00 924.00 
68.00 0.00 935.00 879.00 867.00 885.00 927.00 
71.00 0.00 937.00 881.00 872.00 885.00 927.00 
68.00 0.00 935.00 879.00 867.00 888.00 929.00 
71.00 0.00 937.00 881.00 872.00 885.00 924.00 
67.00 0.00 932.00 876.00 866.00 884.00 924.00 
68.00 0.00 906.00 875.00 867.00 885.00 927.00 
72.00 0.00 894.00 878.00 866.00 883.00 924.00 
67.00 0.00 926.00 878.00 863.00 883.00 927.00 
69.00 0.00 927.00 881.00 859.00 876.00 919.00 
67.00 0.00 929.00 876.00 860.00 878.00 922.00 
68.00 0.00 934.00 878.00 863.00 881.00 927.00 

